323 852 1109
324 853 1110
325 854 1111
326 855 1112
327 856 1113
328 857 1114
329 858 1115
330 859 1116
331 860 1117
332 861 1118
333 862 1119
334 863 1120
335 768 1121
336 769 1122
337 770 1123
338 771 1124
339 772 1125
340 773 1126
341 774 1127
342 775 1128
343 776 1129
344 777 1130
345 778 1131
346 779 1132
347 780 1133
348 781 1134
349 782 1135
350 783 1136
351 784 1137
352 785 1138
353 786 1139
354 787 1140
355 788 1141
356 789 1142
357 790 1143
358 791 1144
359 792 1145
360 793 1146
361 794 1147
362 795 1148
363 796 1149
364 797 1150
365 798 1151
366 799 1056
367 800 1057
368 801 1058
369 802 1059
370 803 1060
371 804 1061
372 805 1062
373 806 1063
374 807 1064
375 808 1065
376 809 1066
377 810 1067
378 811 1068
379 812 1069
380 813 1070
381 814 1071
382 815 1072
383 816 1073
288 817 1074
289 818 1075
290 819 1076
291 820 1077
292 821 1078
293 822 1079
294 823 1080
295 824 1081
296 825 1082
297 826 1083
298 827 1084
299 828 1085
300 829 1086
301 830 1087
302 831 1088
303 832 1089
304 833 1090
305 834 1091
306 835 1092
307 836 1093
308 837 1094
309 838 1095
310 839 1096
311 840 1097
312 841 1098
313 842 1099
314 843 1100
315 844 1101
316 845 1102
317 846 1103
318 847 1104
319 848 1105
320 849 1106
321 850 1107
322 851 1108
2 165 757
3 166 758
4 167 759
5 168 760
6 169 761
7 170 762
8 171 763
9 172 764
10 173 765
11 174 766
12 175 767
13 176 672
14 177 673
15 178 674
16 179 675
17 180 676
18 181 677
19 182 678
20 183 679
21 184 680
22 185 681
23 186 682
24 187 683
25 188 684
26 189 685
27 190 686
28 191 687
29 96 688
30 97 689
31 98 690
32 99 691
33 100 692
34 101 693
35 102 694
36 103 695
37 104 696
38 105 697
39 106 698
40 107 699
41 108 700
42 109 701
43 110 702
44 111 703
45 112 704
46 113 705
47 114 706
48 115 707
49 116 708
50 117 709
51 118 710
52 119 711
53 120 712
54 121 713
55 122 714
56 123 715
57 124 716
58 125 717
59 126 718
60 127 719
61 128 720
62 129 721
63 130 722
64 131 723
65 132 724
66 133 725
67 134 726
68 135 727
69 136 728
70 137 729
71 138 730
72 139 731
73 140 732
74 141 733
75 142 734
76 143 735
77 144 736
78 145 737
79 146 738
80 147 739
81 148 740
82 149 741
83 150 742
84 151 743
85 152 744
86 153 745
87 154 746
88 155 747
89 156 748
90 157 749
91 158 750
92 159 751
93 160 752
94 161 753
95 162 754
0 163 755
1 164 756
23 337 441 577 695 1049
24 338 442 578 696 1050
25 339 443 579 697 1051
26 340 444 580 698 1052
27 341 445 581 699 1053
28 342 446 582 700 1054
29 343 447 583 701 1055
30 344 448 584 702 960
31 345 449 585 703 961
32 346 450 586 704 962
33 347 451 587 705 963
34 348 452 588 706 964
35 349 453 589 707 965
36 350 454 590 708 966
37 351 455 591 709 967
38 352 456 592 710 968
39 353 457 593 711 969
40 354 458 594 712 970
41 355 459 595 713 971
42 356 460 596 714 972
43 357 461 597 715 973
44 358 462 598 716 974
45 359 463 599 717 975
46 360 464 600 718 976
47 361 465 601 719 977
48 362 466 602 720 978
49 363 467 603 721 979
50 364 468 604 722 980
51 365 469 605 723 981
52 366 470 606 724 982
53 367 471 607 725 983
54 368 472 608 726 984
55 369 473 609 727 985
56 370 474 610 728 986
57 371 475 611 729 987
58 372 476 612 730 988
59 373 477 613 731 989
60 374 478 614 732 990
61 375 479 615 733 991
62 376 384 616 734 992
63 377 385 617 735 993
64 378 386 618 736 994
65 379 387 619 737 995
66 380 388 620 738 996
67 381 389 621 739 997
68 382 390 622 740 998
69 383 391 623 741 999
70 288 392 624 742 1000
71 289 393 625 743 1001
72 290 394 626 744 1002
73 291 395 627 745 1003
74 292 396 628 746 1004
75 293 397 629 747 1005
76 294 398 630 748 1006
77 295 399 631 749 1007
78 296 400 632 750 1008
79 297 401 633 751 1009
80 298 402 634 752 1010
81 299 403 635 753 1011
82 300 404 636 754 1012
83 301 405 637 755 1013
84 302 406 638 756 1014
85 303 407 639 757 1015
86 304 408 640 758 1016
87 305 409 641 759 1017
88 306 410 642 760 1018
89 307 411 643 761 1019
90 308 412 644 762 1020
91 309 413 645 763 1021
92 310 414 646 764 1022
93 311 415 647 765 1023
94 312 416 648 766 1024
95 313 417 649 767 1025
0 314 418 650 672 1026
1 315 419 651 673 1027
2 316 420 652 674 1028
3 317 421 653 675 1029
4 318 422 654 676 1030
5 319 423 655 677 1031
6 320 424 656 678 1032
7 321 425 657 679 1033
8 322 426 658 680 1034
9 323 427 659 681 1035
10 324 428 660 682 1036
11 325 429 661 683 1037
12 326 430 662 684 1038
13 327 431 663 685 1039
14 328 432 664 686 1040
15 329 433 665 687 1041
16 330 434 666 688 1042
17 331 435 667 689 1043
18 332 436 668 690 1044
19 333 437 669 691 1045
20 334 438 670 692 1046
21 335 439 671 693 1047
22 336 440 576 694 1048
264 619 991
265 620 992
266 621 993
267 622 994
268 623 995
269 624 996
270 625 997
271 626 998
272 627 999
273 628 1000
274 629 1001
275 630 1002
276 631 1003
277 632 1004
278 633 1005
279 634 1006
280 635 1007
281 636 1008
282 637 1009
283 638 1010
284 639 1011
285 640 1012
286 641 1013
287 642 1014
192 643 1015
193 644 1016
194 645 1017
195 646 1018
196 647 1019
197 648 1020
198 649 1021
199 650 1022
200 651 1023
201 652 1024
202 653 1025
203 654 1026
204 655 1027
205 656 1028
206 657 1029
207 658 1030
208 659 1031
209 660 1032
210 661 1033
211 662 1034
212 663 1035
213 664 1036
214 665 1037
215 666 1038
216 667 1039
217 668 1040
218 669 1041
219 670 1042
220 671 1043
221 576 1044
222 577 1045
223 578 1046
224 579 1047
225 580 1048
226 581 1049
227 582 1050
228 583 1051
229 584 1052
230 585 1053
231 586 1054
232 587 1055
233 588 960
234 589 961
235 590 962
236 591 963
237 592 964
238 593 965
239 594 966
240 595 967
241 596 968
242 597 969
243 598 970
244 599 971
245 600 972
246 601 973
247 602 974
248 603 975
249 604 976
250 605 977
251 606 978
252 607 979
253 608 980
254 609 981
255 610 982
256 611 983
257 612 984
258 613 985
259 614 986
260 615 987
261 616 988
262 617 989
263 618 990
266 530 781
267 531 782
268 532 783
269 533 784
270 534 785
271 535 786
272 536 787
273 537 788
274 538 789
275 539 790
276 540 791
277 541 792
278 542 793
279 543 794
280 544 795
281 545 796
282 546 797
283 547 798
284 548 799
285 549 800
286 550 801
287 551 802
192 552 803
193 553 804
194 554 805
195 555 806
196 556 807
197 557 808
198 558 809
199 559 810
200 560 811
201 561 812
202 562 813
203 563 814
204 564 815
205 565 816
206 566 817
207 567 818
208 568 819
209 569 820
210 570 821
211 571 822
212 572 823
213 573 824
214 574 825
215 575 826
216 480 827
217 481 828
218 482 829
219 483 830
220 484 831
221 485 832
222 486 833
223 487 834
224 488 835
225 489 836
226 490 837
227 491 838
228 492 839
229 493 840
230 494 841
231 495 842
232 496 843
233 497 844
234 498 845
235 499 846
236 500 847
237 501 848
238 502 849
239 503 850
240 504 851
241 505 852
242 506 853
243 507 854
244 508 855
245 509 856
246 510 857
247 511 858
248 512 859
249 513 860
250 514 861
251 515 862
252 516 863
253 517 768
254 518 769
255 519 770
256 520 771
257 521 772
258 522 773
259 523 774
260 524 775
261 525 776
262 526 777
263 527 778
264 528 779
265 529 780
170 207 536 840 866 1086
171 208 537 841 867 1087
172 209 538 842 868 1088
173 210 539 843 869 1089
174 211 540 844 870 1090
175 212 541 845 871 1091
176 213 542 846 872 1092
177 214 543 847 873 1093
178 215 544 848 874 1094
179 216 545 849 875 1095
180 217 546 850 876 1096
181 218 547 851 877 1097
182 219 548 852 878 1098
183 220 549 853 879 1099
184 221 550 854 880 1100
185 222 551 855 881 1101
186 223 552 856 882 1102
187 224 553 857 883 1103
188 225 554 858 884 1104
189 226 555 859 885 1105
190 227 556 860 886 1106
191 228 557 861 887 1107
96 229 558 862 888 1108
97 230 559 863 889 1109
98 231 560 768 890 1110
99 232 561 769 891 1111
100 233 562 770 892 1112
101 234 563 771 893 1113
102 235 564 772 894 1114
103 236 565 773 895 1115
104 237 566 774 896 1116
105 238 567 775 897 1117
106 239 568 776 898 1118
107 240 569 777 899 1119
108 241 570 778 900 1120
109 242 571 779 901 1121
110 243 572 780 902 1122
111 244 573 781 903 1123
112 245 574 782 904 1124
113 246 575 783 905 1125
114 247 480 784 906 1126
115 248 481 785 907 1127
116 249 482 786 908 1128
117 250 483 787 909 1129
118 251 484 788 910 1130
119 252 485 789 911 1131
120 253 486 790 912 1132
121 254 487 791 913 1133
122 255 488 792 914 1134
123 256 489 793 915 1135
124 257 490 794 916 1136
125 258 491 795 917 1137
126 259 492 796 918 1138
127 260 493 797 919 1139
128 261 494 798 920 1140
129 262 495 799 921 1141
130 263 496 800 922 1142
131 264 497 801 923 1143
132 265 498 802 924 1144
133 266 499 803 925 1145
134 267 500 804 926 1146
135 268 501 805 927 1147
136 269 502 806 928 1148
137 270 503 807 929 1149
138 271 504 808 930 1150
139 272 505 809 931 1151
140 273 506 810 932 1056
141 274 507 811 933 1057
142 275 508 812 934 1058
143 276 509 813 935 1059
144 277 510 814 936 1060
145 278 511 815 937 1061
146 279 512 816 938 1062
147 280 513 817 939 1063
148 281 514 818 940 1064
149 282 515 819 941 1065
150 283 516 820 942 1066
151 284 517 821 943 1067
152 285 518 822 944 1068
153 286 519 823 945 1069
154 287 520 824 946 1070
155 192 521 825 947 1071
156 193 522 826 948 1072
157 194 523 827 949 1073
158 195 524 828 950 1074
159 196 525 829 951 1075
160 197 526 830 952 1076
161 198 527 831 953 1077
162 199 528 832 954 1078
163 200 529 833 955 1079
164 201 530 834 956 1080
165 202 531 835 957 1081
166 203 532 836 958 1082
167 204 533 837 959 1083
168 205 534 838 864 1084
169 206 535 839 865 1085
113 396 766
114 397 767
115 398 672
116 399 673
117 400 674
118 401 675
119 402 676
120 403 677
121 404 678
122 405 679
123 406 680
124 407 681
125 408 682
126 409 683
127 410 684
128 411 685
129 412 686
130 413 687
131 414 688
132 415 689
133 416 690
134 417 691
135 418 692
136 419 693
137 420 694
138 421 695
139 422 696
140 423 697
141 424 698
142 425 699
143 426 700
144 427 701
145 428 702
146 429 703
147 430 704
148 431 705
149 432 706
150 433 707
151 434 708
152 435 709
153 436 710
154 437 711
155 438 712
156 439 713
157 440 714
158 441 715
159 442 716
160 443 717
161 444 718
162 445 719
163 446 720
164 447 721
165 448 722
166 449 723
167 450 724
168 451 725
169 452 726
170 453 727
171 454 728
172 455 729
173 456 730
174 457 731
175 458 732
176 459 733
177 460 734
178 461 735
179 462 736
180 463 737
181 464 738
182 465 739
183 466 740
184 467 741
185 468 742
186 469 743
187 470 744
188 471 745
189 472 746
190 473 747
191 474 748
96 475 749
97 476 750
98 477 751
99 478 752
100 479 753
101 384 754
102 385 755
103 386 756
104 387 757
105 388 758
106 389 759
107 390 760
108 391 761
109 392 762
110 393 763
111 394 764
112 395 765
183 255 494 821 901 1111
184 256 495 822 902 1112
185 257 496 823 903 1113
186 258 497 824 904 1114
187 259 498 825 905 1115
188 260 499 826 906 1116
189 261 500 827 907 1117
190 262 501 828 908 1118
191 263 502 829 909 1119
96 264 503 830 910 1120
97 265 504 831 911 1121
98 266 505 832 912 1122
99 267 506 833 913 1123
100 268 507 834 914 1124
101 269 508 835 915 1125
102 270 509 836 916 1126
103 271 510 837 917 1127
104 272 511 838 918 1128
105 273 512 839 919 1129
106 274 513 840 920 1130
107 275 514 841 921 1131
108 276 515 842 922 1132
109 277 516 843 923 1133
110 278 517 844 924 1134
111 279 518 845 925 1135
112 280 519 846 926 1136
113 281 520 847 927 1137
114 282 521 848 928 1138
115 283 522 849 929 1139
116 284 523 850 930 1140
117 285 524 851 931 1141
118 286 525 852 932 1142
119 287 526 853 933 1143
120 192 527 854 934 1144
121 193 528 855 935 1145
122 194 529 856 936 1146
123 195 530 857 937 1147
124 196 531 858 938 1148
125 197 532 859 939 1149
126 198 533 860 940 1150
127 199 534 861 941 1151
128 200 535 862 942 1056
129 201 536 863 943 1057
130 202 537 768 944 1058
131 203 538 769 945 1059
132 204 539 770 946 1060
133 205 540 771 947 1061
134 206 541 772 948 1062
135 207 542 773 949 1063
136 208 543 774 950 1064
137 209 544 775 951 1065
138 210 545 776 952 1066
139 211 546 777 953 1067
140 212 547 778 954 1068
141 213 548 779 955 1069
142 214 549 780 956 1070
143 215 550 781 957 1071
144 216 551 782 958 1072
145 217 552 783 959 1073
146 218 553 784 864 1074
147 219 554 785 865 1075
148 220 555 786 866 1076
149 221 556 787 867 1077
150 222 557 788 868 1078
151 223 558 789 869 1079
152 224 559 790 870 1080
153 225 560 791 871 1081
154 226 561 792 872 1082
155 227 562 793 873 1083
156 228 563 794 874 1084
157 229 564 795 875 1085
158 230 565 796 876 1086
159 231 566 797 877 1087
160 232 567 798 878 1088
161 233 568 799 879 1089
162 234 569 800 880 1090
163 235 570 801 881 1091
164 236 571 802 882 1092
165 237 572 803 883 1093
166 238 573 804 884 1094
167 239 574 805 885 1095
168 240 575 806 886 1096
169 241 480 807 887 1097
170 242 481 808 888 1098
171 243 482 809 889 1099
172 244 483 810 890 1100
173 245 484 811 891 1101
174 246 485 812 892 1102
175 247 486 813 893 1103
176 248 487 814 894 1104
177 249 488 815 895 1105
178 250 489 816 896 1106
179 251 490 817 897 1107
180 252 491 818 898 1108
181 253 492 819 899 1109
182 254 493 820 900 1110
41 319 1017
42 320 1018
43 321 1019
44 322 1020
45 323 1021
46 324 1022
47 325 1023
48 326 1024
49 327 1025
50 328 1026
51 329 1027
52 330 1028
53 331 1029
54 332 1030
55 333 1031
56 334 1032
57 335 1033
58 336 1034
59 337 1035
60 338 1036
61 339 1037
62 340 1038
63 341 1039
64 342 1040
65 343 1041
66 344 1042
67 345 1043
68 346 1044
69 347 1045
70 348 1046
71 349 1047
72 350 1048
73 351 1049
74 352 1050
75 353 1051
76 354 1052
77 355 1053
78 356 1054
79 357 1055
80 358 960
81 359 961
82 360 962
83 361 963
84 362 964
85 363 965
86 364 966
87 365 967
88 366 968
89 367 969
90 368 970
91 369 971
92 370 972
93 371 973
94 372 974
95 373 975
0 374 976
1 375 977
2 376 978
3 377 979
4 378 980
5 379 981
6 380 982
7 381 983
8 382 984
9 383 985
10 288 986
11 289 987
12 290 988
13 291 989
14 292 990
15 293 991
16 294 992
17 295 993
18 296 994
19 297 995
20 298 996
21 299 997
22 300 998
23 301 999
24 302 1000
25 303 1001
26 304 1002
27 305 1003
28 306 1004
29 307 1005
30 308 1006
31 309 1007
32 310 1008
33 311 1009
34 312 1010
35 313 1011
36 314 1012
37 315 1013
38 316 1014
39 317 1015
40 318 1016
13 359 439 658 721 1007
14 360 440 659 722 1008
15 361 441 660 723 1009
16 362 442 661 724 1010
17 363 443 662 725 1011
18 364 444 663 726 1012
19 365 445 664 727 1013
20 366 446 665 728 1014
21 367 447 666 729 1015
22 368 448 667 730 1016
23 369 449 668 731 1017
24 370 450 669 732 1018
25 371 451 670 733 1019
26 372 452 671 734 1020
27 373 453 576 735 1021
28 374 454 577 736 1022
29 375 455 578 737 1023
30 376 456 579 738 1024
31 377 457 580 739 1025
32 378 458 581 740 1026
33 379 459 582 741 1027
34 380 460 583 742 1028
35 381 461 584 743 1029
36 382 462 585 744 1030
37 383 463 586 745 1031
38 288 464 587 746 1032
39 289 465 588 747 1033
40 290 466 589 748 1034
41 291 467 590 749 1035
42 292 468 591 750 1036
43 293 469 592 751 1037
44 294 470 593 752 1038
45 295 471 594 753 1039
46 296 472 595 754 1040
47 297 473 596 755 1041
48 298 474 597 756 1042
49 299 475 598 757 1043
50 300 476 599 758 1044
51 301 477 600 759 1045
52 302 478 601 760 1046
53 303 479 602 761 1047
54 304 384 603 762 1048
55 305 385 604 763 1049
56 306 386 605 764 1050
57 307 387 606 765 1051
58 308 388 607 766 1052
59 309 389 608 767 1053
60 310 390 609 672 1054
61 311 391 610 673 1055
62 312 392 611 674 960
63 313 393 612 675 961
64 314 394 613 676 962
65 315 395 614 677 963
66 316 396 615 678 964
67 317 397 616 679 965
68 318 398 617 680 966
69 319 399 618 681 967
70 320 400 619 682 968
71 321 401 620 683 969
72 322 402 621 684 970
73 323 403 622 685 971
74 324 404 623 686 972
75 325 405 624 687 973
76 326 406 625 688 974
77 327 407 626 689 975
78 328 408 627 690 976
79 329 409 628 691 977
80 330 410 629 692 978
81 331 411 630 693 979
82 332 412 631 694 980
83 333 413 632 695 981
84 334 414 633 696 982
85 335 415 634 697 983
86 336 416 635 698 984
87 337 417 636 699 985
88 338 418 637 700 986
89 339 419 638 701 987
90 340 420 639 702 988
91 341 421 640 703 989
92 342 422 641 704 990
93 343 423 642 705 991
94 344 424 643 706 992
95 345 425 644 707 993
0 346 426 645 708 994
1 347 427 646 709 995
2 348 428 647 710 996
3 349 429 648 711 997
4 350 430 649 712 998
5 351 431 650 713 999
6 352 432 651 714 1000
7 353 433 652 715 1001
8 354 434 653 716 1002
9 355 435 654 717 1003
10 356 436 655 718 1004
11 357 437 656 719 1005
12 358 438 657 720 1006
408 654 890
409 655 891
410 656 892
411 657 893
412 658 894
413 659 895
414 660 896
415 661 897
416 662 898
417 663 899
418 664 900
419 665 901
420 666 902
421 667 903
422 668 904
423 669 905
424 670 906
425 671 907
426 576 908
427 577 909
428 578 910
429 579 911
430 580 912
431 581 913
432 582 914
433 583 915
434 584 916
435 585 917
436 586 918
437 587 919
438 588 920
439 589 921
440 590 922
441 591 923
442 592 924
443 593 925
444 594 926
445 595 927
446 596 928
447 597 929
448 598 930
449 599 931
450 600 932
451 601 933
452 602 934
453 603 935
454 604 936
455 605 937
456 606 938
457 607 939
458 608 940
459 609 941
460 610 942
461 611 943
462 612 944
463 613 945
464 614 946
465 615 947
466 616 948
467 617 949
468 618 950
469 619 951
470 620 952
471 621 953
472 622 954
473 623 955
474 624 956
475 625 957
476 626 958
477 627 959
478 628 864
479 629 865
384 630 866
385 631 867
386 632 868
387 633 869
388 634 870
389 635 871
390 636 872
391 637 873
392 638 874
393 639 875
394 640 876
395 641 877
396 642 878
397 643 879
398 644 880
399 645 881
400 646 882
401 647 883
402 648 884
403 649 885
404 650 886
405 651 887
406 652 888
407 653 889
180 192 497 813 888 1126
181 193 498 814 889 1127
182 194 499 815 890 1128
183 195 500 816 891 1129
184 196 501 817 892 1130
185 197 502 818 893 1131
186 198 503 819 894 1132
187 199 504 820 895 1133
188 200 505 821 896 1134
189 201 506 822 897 1135
190 202 507 823 898 1136
191 203 508 824 899 1137
96 204 509 825 900 1138
97 205 510 826 901 1139
98 206 511 827 902 1140
99 207 512 828 903 1141
100 208 513 829 904 1142
101 209 514 830 905 1143
102 210 515 831 906 1144
103 211 516 832 907 1145
104 212 517 833 908 1146
105 213 518 834 909 1147
106 214 519 835 910 1148
107 215 520 836 911 1149
108 216 521 837 912 1150
109 217 522 838 913 1151
110 218 523 839 914 1056
111 219 524 840 915 1057
112 220 525 841 916 1058
113 221 526 842 917 1059
114 222 527 843 918 1060
115 223 528 844 919 1061
116 224 529 845 920 1062
117 225 530 846 921 1063
118 226 531 847 922 1064
119 227 532 848 923 1065
120 228 533 849 924 1066
121 229 534 850 925 1067
122 230 535 851 926 1068
123 231 536 852 927 1069
124 232 537 853 928 1070
125 233 538 854 929 1071
126 234 539 855 930 1072
127 235 540 856 931 1073
128 236 541 857 932 1074
129 237 542 858 933 1075
130 238 543 859 934 1076
131 239 544 860 935 1077
132 240 545 861 936 1078
133 241 546 862 937 1079
134 242 547 863 938 1080
135 243 548 768 939 1081
136 244 549 769 940 1082
137 245 550 770 941 1083
138 246 551 771 942 1084
139 247 552 772 943 1085
140 248 553 773 944 1086
141 249 554 774 945 1087
142 250 555 775 946 1088
143 251 556 776 947 1089
144 252 557 777 948 1090
145 253 558 778 949 1091
146 254 559 779 950 1092
147 255 560 780 951 1093
148 256 561 781 952 1094
149 257 562 782 953 1095
150 258 563 783 954 1096
151 259 564 784 955 1097
152 260 565 785 956 1098
153 261 566 786 957 1099
154 262 567 787 958 1100
155 263 568 788 959 1101
156 264 569 789 864 1102
157 265 570 790 865 1103
158 266 571 791 866 1104
159 267 572 792 867 1105
160 268 573 793 868 1106
161 269 574 794 869 1107
162 270 575 795 870 1108
163 271 480 796 871 1109
164 272 481 797 872 1110
165 273 482 798 873 1111
166 274 483 799 874 1112
167 275 484 800 875 1113
168 276 485 801 876 1114
169 277 486 802 877 1115
170 278 487 803 878 1116
171 279 488 804 879 1117
172 280 489 805 880 1118
173 281 490 806 881 1119
174 282 491 807 882 1120
175 283 492 808 883 1121
176 284 493 809 884 1122
177 285 494 810 885 1123
178 286 495 811 886 1124
179 287 496 812 887 1125
89 480 1145
90 481 1146
91 482 1147
92 483 1148
93 484 1149
94 485 1150
95 486 1151
0 487 1056
1 488 1057
2 489 1058
3 490 1059
4 491 1060
5 492 1061
6 493 1062
7 494 1063
8 495 1064
9 496 1065
10 497 1066
11 498 1067
12 499 1068
13 500 1069
14 501 1070
15 502 1071
16 503 1072
17 504 1073
18 505 1074
19 506 1075
20 507 1076
21 508 1077
22 509 1078
23 510 1079
24 511 1080
25 512 1081
26 513 1082
27 514 1083
28 515 1084
29 516 1085
30 517 1086
31 518 1087
32 519 1088
33 520 1089
34 521 1090
35 522 1091
36 523 1092
37 524 1093
38 525 1094
39 526 1095
40 527 1096
41 528 1097
42 529 1098
43 530 1099
44 531 1100
45 532 1101
46 533 1102
47 534 1103
48 535 1104
49 536 1105
50 537 1106
51 538 1107
52 539 1108
53 540 1109
54 541 1110
55 542 1111
56 543 1112
57 544 1113
58 545 1114
59 546 1115
60 547 1116
61 548 1117
62 549 1118
63 550 1119
64 551 1120
65 552 1121
66 553 1122
67 554 1123
68 555 1124
69 556 1125
70 557 1126
71 558 1127
72 559 1128
73 560 1129
74 561 1130
75 562 1131
76 563 1132
77 564 1133
78 565 1134
79 566 1135
80 567 1136
81 568 1137
82 569 1138
83 570 1139
84 571 1140
85 572 1141
86 573 1142
87 574 1143
88 575 1144
0 96
1 97
2 98
3 99
4 100
5 101
6 102
7 103
8 104
9 105
10 106
11 107
12 108
13 109
14 110
15 111
16 112
17 113
18 114
19 115
20 116
21 117
22 118
23 119
24 120
25 121
26 122
27 123
28 124
29 125
30 126
31 127
32 128
33 129
34 130
35 131
36 132
37 133
38 134
39 135
40 136
41 137
42 138
43 139
44 140
45 141
46 142
47 143
48 144
49 145
50 146
51 147
52 148
53 149
54 150
55 151
56 152
57 153
58 154
59 155
60 156
61 157
62 158
63 159
64 160
65 161
66 162
67 163
68 164
69 165
70 166
71 167
72 168
73 169
74 170
75 171
76 172
77 173
78 174
79 175
80 176
81 177
82 178
83 179
84 180
85 181
86 182
87 183
88 184
89 185
90 186
91 187
92 188
93 189
94 190
95 191
96 192
97 193
98 194
99 195
100 196
101 197
102 198
103 199
104 200
105 201
106 202
107 203
108 204
109 205
110 206
111 207
112 208
113 209
114 210
115 211
116 212
117 213
118 214
119 215
120 216
121 217
122 218
123 219
124 220
125 221
126 222
127 223
128 224
129 225
130 226
131 227
132 228
133 229
134 230
135 231
136 232
137 233
138 234
139 235
140 236
141 237
142 238
143 239
144 240
145 241
146 242
147 243
148 244
149 245
150 246
151 247
152 248
153 249
154 250
155 251
156 252
157 253
158 254
159 255
160 256
161 257
162 258
163 259
164 260
165 261
166 262
167 263
168 264
169 265
170 266
171 267
172 268
173 269
174 270
175 271
176 272
177 273
178 274
179 275
180 276
181 277
182 278
183 279
184 280
185 281
186 282
187 283
188 284
189 285
190 286
191 287
192 288
193 289
194 290
195 291
196 292
197 293
198 294
199 295
200 296
201 297
202 298
203 299
204 300
205 301
206 302
207 303
208 304
209 305
210 306
211 307
212 308
213 309
214 310
215 311
216 312
217 313
218 314
219 315
220 316
221 317
222 318
223 319
224 320
225 321
226 322
227 323
228 324
229 325
230 326
231 327
232 328
233 329
234 330
235 331
236 332
237 333
238 334
239 335
240 336
241 337
242 338
243 339
244 340
245 341
246 342
247 343
248 344
249 345
250 346
251 347
252 348
253 349
254 350
255 351
256 352
257 353
258 354
259 355
260 356
261 357
262 358
263 359
264 360
265 361
266 362
267 363
268 364
269 365
270 366
271 367
272 368
273 369
274 370
275 371
276 372
277 373
278 374
279 375
280 376
281 377
282 378
283 379
284 380
285 381
286 382
287 383
288 384
289 385
290 386
291 387
292 388
293 389
294 390
295 391
296 392
297 393
298 394
299 395
300 396
301 397
302 398
303 399
304 400
305 401
306 402
307 403
308 404
309 405
310 406
311 407
312 408
313 409
314 410
315 411
316 412
317 413
318 414
319 415
320 416
321 417
322 418
323 419
324 420
325 421
326 422
327 423
328 424
329 425
330 426
331 427
332 428
333 429
334 430
335 431
336 432
337 433
338 434
339 435
340 436
341 437
342 438
343 439
344 440
345 441
346 442
347 443
348 444
349 445
350 446
351 447
352 448
353 449
354 450
355 451
356 452
357 453
358 454
359 455
360 456
361 457
362 458
363 459
364 460
365 461
366 462
367 463
368 464
369 465
370 466
371 467
372 468
373 469
374 470
375 471
376 472
377 473
378 474
379 475
380 476
381 477
382 478
383 479
384 480
385 481
386 482
387 483
388 484
389 485
390 486
391 487
392 488
393 489
394 490
395 491
396 492
397 493
398 494
399 495
400 496
401 497
402 498
403 499
404 500
405 501
406 502
407 503
408 504
409 505
410 506
411 507
412 508
413 509
414 510
415 511
416 512
417 513
418 514
419 515
420 516
421 517
422 518
423 519
424 520
425 521
426 522
427 523
428 524
429 525
430 526
431 527
432 528
433 529
434 530
435 531
436 532
437 533
438 534
439 535
440 536
441 537
442 538
443 539
444 540
445 541
446 542
447 543
448 544
449 545
450 546
451 547
452 548
453 549
454 550
455 551
456 552
457 553
458 554
459 555
460 556
461 557
462 558
463 559
464 560
465 561
466 562
467 563
468 564
469 565
470 566
471 567
472 568
473 569
474 570
475 571
476 572
477 573
478 574
479 575
480 576
481 577
482 578
483 579
484 580
485 581
486 582
487 583
488 584
489 585
490 586
491 587
492 588
493 589
494 590
495 591
496 592
497 593
498 594
499 595
500 596
501 597
502 598
503 599
504 600
505 601
506 602
507 603
508 604
509 605
510 606
511 607
512 608
513 609
514 610
515 611
516 612
517 613
518 614
519 615
520 616
521 617
522 618
523 619
524 620
525 621
526 622
527 623
528 624
529 625
530 626
531 627
532 628
533 629
534 630
535 631
536 632
537 633
538 634
539 635
540 636
541 637
542 638
543 639
544 640
545 641
546 642
547 643
548 644
549 645
550 646
551 647
552 648
553 649
554 650
555 651
556 652
557 653
558 654
559 655
560 656
561 657
562 658
563 659
564 660
565 661
566 662
567 663
568 664
569 665
570 666
571 667
572 668
573 669
574 670
575 671
576 672
577 673
578 674
579 675
580 676
581 677
582 678
583 679
584 680
585 681
586 682
587 683
588 684
589 685
590 686
591 687
592 688
593 689
594 690
595 691
596 692
597 693
598 694
599 695
600 696
601 697
602 698
603 699
604 700
605 701
606 702
607 703
608 704
609 705
610 706
611 707
612 708
613 709
614 710
615 711
616 712
617 713
618 714
619 715
620 716
621 717
622 718
623 719
624 720
625 721
626 722
627 723
628 724
629 725
630 726
631 727
632 728
633 729
634 730
635 731
636 732
637 733
638 734
639 735
640 736
641 737
642 738
643 739
644 740
645 741
646 742
647 743
648 744
649 745
650 746
651 747
652 748
653 749
654 750
655 751
656 752
657 753
658 754
659 755
660 756
661 757
662 758
663 759
664 760
665 761
666 762
667 763
668 764
669 765
670 766
671 767
672 768
673 769
674 770
675 771
676 772
677 773
678 774
679 775
680 776
681 777
682 778
683 779
684 780
685 781
686 782
687 783
688 784
689 785
690 786
691 787
692 788
693 789
694 790
695 791
696 792
697 793
698 794
699 795
700 796
701 797
702 798
703 799
704 800
705 801
706 802
707 803
708 804
709 805
710 806
711 807
712 808
713 809
714 810
715 811
716 812
717 813
718 814
719 815
720 816
721 817
722 818
723 819
724 820
725 821
726 822
727 823
728 824
729 825
730 826
731 827
732 828
733 829
734 830
735 831
736 832
737 833
738 834
739 835
740 836
741 837
742 838
743 839
744 840
745 841
746 842
747 843
748 844
749 845
750 846
751 847
752 848
753 849
754 850
755 851
756 852
757 853
758 854
759 855
760 856
761 857
762 858
763 859
764 860
765 861
766 862
767 863
768 864
769 865
770 866
771 867
772 868
773 869
774 870
775 871
776 872
777 873
778 874
779 875
780 876
781 877
782 878
783 879
784 880
785 881
786 882
787 883
788 884
789 885
790 886
791 887
792 888
793 889
794 890
795 891
796 892
797 893
798 894
799 895
800 896
801 897
802 898
803 899
804 900
805 901
806 902
807 903
808 904
809 905
810 906
811 907
812 908
813 909
814 910
815 911
816 912
817 913
818 914
819 915
820 916
821 917
822 918
823 919
824 920
825 921
826 922
827 923
828 924
829 925
830 926
831 927
832 928
833 929
834 930
835 931
836 932
837 933
838 934
839 935
840 936
841 937
842 938
843 939
844 940
845 941
846 942
847 943
848 944
849 945
850 946
851 947
852 948
853 949
854 950
855 951
856 952
857 953
858 954
859 955
860 956
861 957
862 958
863 959
864 960
865 961
866 962
867 963
868 964
869 965
870 966
871 967
872 968
873 969
874 970
875 971
876 972
877 973
878 974
879 975
880 976
881 977
882 978
883 979
884 980
885 981
886 982
887 983
888 984
889 985
890 986
891 987
892 988
893 989
894 990
895 991
896 992
897 993
898 994
899 995
900 996
901 997
902 998
903 999
904 1000
905 1001
906 1002
907 1003
908 1004
909 1005
910 1006
911 1007
912 1008
913 1009
914 1010
915 1011
916 1012
917 1013
918 1014
919 1015
920 1016
921 1017
922 1018
923 1019
924 1020
925 1021
926 1022
927 1023
928 1024
929 1025
930 1026
931 1027
932 1028
933 1029
934 1030
935 1031
936 1032
937 1033
938 1034
939 1035
940 1036
941 1037
942 1038
943 1039
944 1040
945 1041
946 1042
947 1043
948 1044
949 1045
950 1046
951 1047
952 1048
953 1049
954 1050
955 1051
956 1052
957 1053
958 1054
959 1055
960 1056
961 1057
962 1058
963 1059
964 1060
965 1061
966 1062
967 1063
968 1064
969 1065
970 1066
971 1067
972 1068
973 1069
974 1070
975 1071
976 1072
977 1073
978 1074
979 1075
980 1076
981 1077
982 1078
983 1079
984 1080
985 1081
986 1082
987 1083
988 1084
989 1085
990 1086
991 1087
992 1088
993 1089
994 1090
995 1091
996 1092
997 1093
998 1094
999 1095
1000 1096
1001 1097
1002 1098
1003 1099
1004 1100
1005 1101
1006 1102
1007 1103
1008 1104
1009 1105
1010 1106
1011 1107
1012 1108
1013 1109
1014 1110
1015 1111
1016 1112
1017 1113
1018 1114
1019 1115
1020 1116
1021 1117
1022 1118
1023 1119
1024 1120
1025 1121
1026 1122
1027 1123
1028 1124
1029 1125
1030 1126
1031 1127
1032 1128
1033 1129
1034 1130
1035 1131
1036 1132
1037 1133
1038 1134
1039 1135
1040 1136
1041 1137
1042 1138
1043 1139
1044 1140
1045 1141
1046 1142
1047 1143
1048 1144
1049 1145
1050 1146
1051 1147
1052 1148
1053 1149
1054 1150
1055 1151
