190 265 823 947 1159 1248
191 266 824 948 1160 1249
96 267 825 949 1161 1250
97 268 826 950 1162 1251
98 269 827 951 1163 1252
99 270 828 952 1164 1253
100 271 829 953 1165 1254
101 272 830 954 1166 1255
102 273 831 955 1167 1256
103 274 832 956 1168 1257
104 275 833 957 1169 1258
105 276 834 958 1170 1259
106 277 835 959 1171 1260
107 278 836 864 1172 1261
108 279 837 865 1173 1262
109 280 838 866 1174 1263
110 281 839 867 1175 1264
111 282 840 868 1176 1265
112 283 841 869 1177 1266
113 284 842 870 1178 1267
114 285 843 871 1179 1268
115 286 844 872 1180 1269
116 287 845 873 1181 1270
117 192 846 874 1182 1271
118 193 847 875 1183 1272
119 194 848 876 1184 1273
120 195 849 877 1185 1274
121 196 850 878 1186 1275
122 197 851 879 1187 1276
123 198 852 880 1188 1277
124 199 853 881 1189 1278
125 200 854 882 1190 1279
126 201 855 883 1191 1280
127 202 856 884 1192 1281
128 203 857 885 1193 1282
129 204 858 886 1194 1283
130 205 859 887 1195 1284
131 206 860 888 1196 1285
132 207 861 889 1197 1286
133 208 862 890 1198 1287
134 209 863 891 1199 1288
135 210 768 892 1200 1289
136 211 769 893 1201 1290
137 212 770 894 1202 1291
138 213 771 895 1203 1292
139 214 772 896 1204 1293
140 215 773 897 1205 1294
141 216 774 898 1206 1295
142 217 775 899 1207 1296
143 218 776 900 1208 1297
144 219 777 901 1209 1298
145 220 778 902 1210 1299
146 221 779 903 1211 1300
147 222 780 904 1212 1301
148 223 781 905 1213 1302
149 224 782 906 1214 1303
150 225 783 907 1215 1304
151 226 784 908 1216 1305
152 227 785 909 1217 1306
153 228 786 910 1218 1307
154 229 787 911 1219 1308
155 230 788 912 1220 1309
156 231 789 913 1221 1310
157 232 790 914 1222 1311
158 233 791 915 1223 1312
159 234 792 916 1224 1313
160 235 793 917 1225 1314
161 236 794 918 1226 1315
162 237 795 919 1227 1316
163 238 796 920 1228 1317
164 239 797 921 1229 1318
165 240 798 922 1230 1319
166 241 799 923 1231 1320
167 242 800 924 1232 1321
168 243 801 925 1233 1322
169 244 802 926 1234 1323
170 245 803 927 1235 1324
171 246 804 928 1236 1325
172 247 805 929 1237 1326
173 248 806 930 1238 1327
174 249 807 931 1239 1328
175 250 808 932 1240 1329
176 251 809 933 1241 1330
177 252 810 934 1242 1331
178 253 811 935 1243 1332
179 254 812 936 1244 1333
180 255 813 937 1245 1334
181 256 814 938 1246 1335
182 257 815 939 1247 1336
183 258 816 940 1152 1337
184 259 817 941 1153 1338
185 260 818 942 1154 1339
186 261 819 943 1155 1340
187 262 820 944 1156 1341
188 263 821 945 1157 1342
189 264 822 946 1158 1343
123 502 655 681 1068 1248 1344
124 503 656 682 1069 1249 1345
125 504 657 683 1070 1250 1346
126 505 658 684 1071 1251 1347
127 506 659 685 1072 1252 1348
128 507 660 686 1073 1253 1349
129 508 661 687 1074 1254 1350
130 509 662 688 1075 1255 1351
131 510 663 689 1076 1256 1352
132 511 664 690 1077 1257 1353
133 512 665 691 1078 1258 1354
134 513 666 692 1079 1259 1355
135 514 667 693 1080 1260 1356
136 515 668 694 1081 1261 1357
137 516 669 695 1082 1262 1358
138 517 670 696 1083 1263 1359
139 518 671 697 1084 1264 1360
140 519 576 698 1085 1265 1361
141 520 577 699 1086 1266 1362
142 521 578 700 1087 1267 1363
143 522 579 701 1088 1268 1364
144 523 580 702 1089 1269 1365
145 524 581 703 1090 1270 1366
146 525 582 704 1091 1271 1367
147 526 583 705 1092 1272 1368
148 527 584 706 1093 1273 1369
149 528 585 707 1094 1274 1370
150 529 586 708 1095 1275 1371
151 530 587 709 1096 1276 1372
152 531 588 710 1097 1277 1373
153 532 589 711 1098 1278 1374
154 533 590 712 1099 1279 1375
155 534 591 713 1100 1280 1376
156 535 592 714 1101 1281 1377
157 536 593 715 1102 1282 1378
158 537 594 716 1103 1283 1379
159 538 595 717 1104 1284 1380
160 539 596 718 1105 1285 1381
161 540 597 719 1106 1286 1382
162 541 598 720 1107 1287 1383
163 542 599 721 1108 1288 1384
164 543 600 722 1109 1289 1385
165 544 601 723 1110 1290 1386
166 545 602 724 1111 1291 1387
167 546 603 725 1112 1292 1388
168 547 604 726 1113 1293 1389
169 548 605 727 1114 1294 1390
170 549 606 728 1115 1295 1391
171 550 607 729 1116 1296 1392
172 551 608 730 1117 1297 1393
173 552 609 731 1118 1298 1394
174 553 610 732 1119 1299 1395
175 554 611 733 1120 1300 1396
176 555 612 734 1121 1301 1397
177 556 613 735 1122 1302 1398
178 557 614 736 1123 1303 1399
179 558 615 737 1124 1304 1400
180 559 616 738 1125 1305 1401
181 560 617 739 1126 1306 1402
182 561 618 740 1127 1307 1403
183 562 619 741 1128 1308 1404
184 563 620 742 1129 1309 1405
185 564 621 743 1130 1310 1406
186 565 622 744 1131 1311 1407
187 566 623 745 1132 1312 1408
188 567 624 746 1133 1313 1409
189 568 625 747 1134 1314 1410
190 569 626 748 1135 1315 1411
191 570 627 749 1136 1316 1412
96 571 628 750 1137 1317 1413
97 572 629 751 1138 1318 1414
98 573 630 752 1139 1319 1415
99 574 631 753 1140 1320 1416
100 575 632 754 1141 1321 1417
101 480 633 755 1142 1322 1418
102 481 634 756 1143 1323 1419
103 482 635 757 1144 1324 1420
104 483 636 758 1145 1325 1421
105 484 637 759 1146 1326 1422
106 485 638 760 1147 1327 1423
107 486 639 761 1148 1328 1424
108 487 640 762 1149 1329 1425
109 488 641 763 1150 1330 1426
110 489 642 764 1151 1331 1427
111 490 643 765 1056 1332 1428
112 491 644 766 1057 1333 1429
113 492 645 767 1058 1334 1430
114 493 646 672 1059 1335 1431
115 494 647 673 1060 1336 1432
116 495 648 674 1061 1337 1433
117 496 649 675 1062 1338 1434
118 497 650 676 1063 1339 1435
119 498 651 677 1064 1340 1436
120 499 652 678 1065 1341 1437
121 500 653 679 1066 1342 1438
122 501 654 680 1067 1343 1439
312 406 561 705 1056 1344 1440
313 407 562 706 1057 1345 1441
314 408 563 707 1058 1346 1442
315 409 564 708 1059 1347 1443
316 410 565 709 1060 1348 1444
317 411 566 710 1061 1349 1445
318 412 567 711 1062 1350 1446
319 413 568 712 1063 1351 1447
320 414 569 713 1064 1352 1448
321 415 570 714 1065 1353 1449
322 416 571 715 1066 1354 1450
323 417 572 716 1067 1355 1451
324 418 573 717 1068 1356 1452
325 419 574 718 1069 1357 1453
326 420 575 719 1070 1358 1454
327 421 480 720 1071 1359 1455
328 422 481 721 1072 1360 1456
329 423 482 722 1073 1361 1457
330 424 483 723 1074 1362 1458
331 425 484 724 1075 1363 1459
332 426 485 725 1076 1364 1460
333 427 486 726 1077 1365 1461
334 428 487 727 1078 1366 1462
335 429 488 728 1079 1367 1463
336 430 489 729 1080 1368 1464
337 431 490 730 1081 1369 1465
338 432 491 731 1082 1370 1466
339 433 492 732 1083 1371 1467
340 434 493 733 1084 1372 1468
341 435 494 734 1085 1373 1469
342 436 495 735 1086 1374 1470
343 437 496 736 1087 1375 1471
344 438 497 737 1088 1376 1472
345 439 498 738 1089 1377 1473
346 440 499 739 1090 1378 1474
347 441 500 740 1091 1379 1475
348 442 501 741 1092 1380 1476
349 443 502 742 1093 1381 1477
350 444 503 743 1094 1382 1478
351 445 504 744 1095 1383 1479
352 446 505 745 1096 1384 1480
353 447 506 746 1097 1385 1481
354 448 507 747 1098 1386 1482
355 449 508 748 1099 1387 1483
356 450 509 749 1100 1388 1484
357 451 510 750 1101 1389 1485
358 452 511 751 1102 1390 1486
359 453 512 752 1103 1391 1487
360 454 513 753 1104 1392 1488
361 455 514 754 1105 1393 1489
362 456 515 755 1106 1394 1490
363 457 516 756 1107 1395 1491
364 458 517 757 1108 1396 1492
365 459 518 758 1109 1397 1493
366 460 519 759 1110 1398 1494
367 461 520 760 1111 1399 1495
368 462 521 761 1112 1400 1496
369 463 522 762 1113 1401 1497
370 464 523 763 1114 1402 1498
371 465 524 764 1115 1403 1499
372 466 525 765 1116 1404 1500
373 467 526 766 1117 1405 1501
374 468 527 767 1118 1406 1502
375 469 528 672 1119 1407 1503
376 470 529 673 1120 1408 1504
377 471 530 674 1121 1409 1505
378 472 531 675 1122 1410 1506
379 473 532 676 1123 1411 1507
380 474 533 677 1124 1412 1508
381 475 534 678 1125 1413 1509
382 476 535 679 1126 1414 1510
383 477 536 680 1127 1415 1511
288 478 537 681 1128 1416 1512
289 479 538 682 1129 1417 1513
290 384 539 683 1130 1418 1514
291 385 540 684 1131 1419 1515
292 386 541 685 1132 1420 1516
293 387 542 686 1133 1421 1517
294 388 543 687 1134 1422 1518
295 389 544 688 1135 1423 1519
296 390 545 689 1136 1424 1520
297 391 546 690 1137 1425 1521
298 392 547 691 1138 1426 1522
299 393 548 692 1139 1427 1523
300 394 549 693 1140 1428 1524
301 395 550 694 1141 1429 1525
302 396 551 695 1142 1430 1526
303 397 552 696 1143 1431 1527
304 398 553 697 1144 1432 1528
305 399 554 698 1145 1433 1529
306 400 555 699 1146 1434 1530
307 401 556 700 1147 1435 1531
308 402 557 701 1148 1436 1532
309 403 558 702 1149 1437 1533
310 404 559 703 1150 1438 1534
311 405 560 704 1151 1439 1535
61 239 833 889 1440 1536
62 240 834 890 1441 1537
63 241 835 891 1442 1538
64 242 836 892 1443 1539
65 243 837 893 1444 1540
66 244 838 894 1445 1541
67 245 839 895 1446 1542
68 246 840 896 1447 1543
69 247 841 897 1448 1544
70 248 842 898 1449 1545
71 249 843 899 1450 1546
72 250 844 900 1451 1547
73 251 845 901 1452 1548
74 252 846 902 1453 1549
75 253 847 903 1454 1550
76 254 848 904 1455 1551
77 255 849 905 1456 1552
78 256 850 906 1457 1553
79 257 851 907 1458 1554
80 258 852 908 1459 1555
81 259 853 909 1460 1556
82 260 854 910 1461 1557
83 261 855 911 1462 1558
84 262 856 912 1463 1559
85 263 857 913 1464 1560
86 264 858 914 1465 1561
87 265 859 915 1466 1562
88 266 860 916 1467 1563
89 267 861 917 1468 1564
90 268 862 918 1469 1565
91 269 863 919 1470 1566
92 270 768 920 1471 1567
93 271 769 921 1472 1568
94 272 770 922 1473 1569
95 273 771 923 1474 1570
0 274 772 924 1475 1571
1 275 773 925 1476 1572
2 276 774 926 1477 1573
3 277 775 927 1478 1574
4 278 776 928 1479 1575
5 279 777 929 1480 1576
6 280 778 930 1481 1577
7 281 779 931 1482 1578
8 282 780 932 1483 1579
9 283 781 933 1484 1580
10 284 782 934 1485 1581
11 285 783 935 1486 1582
12 286 784 936 1487 1583
13 287 785 937 1488 1584
14 192 786 938 1489 1585
15 193 787 939 1490 1586
16 194 788 940 1491 1587
17 195 789 941 1492 1588
18 196 790 942 1493 1589
19 197 791 943 1494 1590
20 198 792 944 1495 1591
21 199 793 945 1496 1592
22 200 794 946 1497 1593
23 201 795 947 1498 1594
24 202 796 948 1499 1595
25 203 797 949 1500 1596
26 204 798 950 1501 1597
27 205 799 951 1502 1598
28 206 800 952 1503 1599
29 207 801 953 1504 1600
30 208 802 954 1505 1601
31 209 803 955 1506 1602
32 210 804 956 1507 1603
33 211 805 957 1508 1604
34 212 806 958 1509 1605
35 213 807 959 1510 1606
36 214 808 864 1511 1607
37 215 809 865 1512 1608
38 216 810 866 1513 1609
39 217 811 867 1514 1610
40 218 812 868 1515 1611
41 219 813 869 1516 1612
42 220 814 870 1517 1613
43 221 815 871 1518 1614
44 222 816 872 1519 1615
45 223 817 873 1520 1616
46 224 818 874 1521 1617
47 225 819 875 1522 1618
48 226 820 876 1523 1619
49 227 821 877 1524 1620
50 228 822 878 1525 1621
51 229 823 879 1526 1622
52 230 824 880 1527 1623
53 231 825 881 1528 1624
54 232 826 882 1529 1625
55 233 827 883 1530 1626
56 234 828 884 1531 1627
57 235 829 885 1532 1628
58 236 830 886 1533 1629
59 237 831 887 1534 1630
60 238 832 888 1535 1631
231 660 905 1032 1536 1632
232 661 906 1033 1537 1633
233 662 907 1034 1538 1634
234 663 908 1035 1539 1635
235 664 909 1036 1540 1636
236 665 910 1037 1541 1637
237 666 911 1038 1542 1638
238 667 912 1039 1543 1639
239 668 913 1040 1544 1640
240 669 914 1041 1545 1641
241 670 915 1042 1546 1642
242 671 916 1043 1547 1643
243 576 917 1044 1548 1644
244 577 918 1045 1549 1645
245 578 919 1046 1550 1646
246 579 920 1047 1551 1647
247 580 921 1048 1552 1648
248 581 922 1049 1553 1649
249 582 923 1050 1554 1650
250 583 924 1051 1555 1651
251 584 925 1052 1556 1652
252 585 926 1053 1557 1653
253 586 927 1054 1558 1654
254 587 928 1055 1559 1655
255 588 929 960 1560 1656
256 589 930 961 1561 1657
257 590 931 962 1562 1658
258 591 932 963 1563 1659
259 592 933 964 1564 1660
260 593 934 965 1565 1661
261 594 935 966 1566 1662
262 595 936 967 1567 1663
263 596 937 968 1568 1664
264 597 938 969 1569 1665
265 598 939 970 1570 1666
266 599 940 971 1571 1667
267 600 941 972 1572 1668
268 601 942 973 1573 1669
269 602 943 974 1574 1670
270 603 944 975 1575 1671
271 604 945 976 1576 1672
272 605 946 977 1577 1673
273 606 947 978 1578 1674
274 607 948 979 1579 1675
275 608 949 980 1580 1676
276 609 950 981 1581 1677
277 610 951 982 1582 1678
278 611 952 983 1583 1679
279 612 953 984 1584 1680
280 613 954 985 1585 1681
281 614 955 986 1586 1682
282 615 956 987 1587 1683
283 616 957 988 1588 1684
284 617 958 989 1589 1685
285 618 959 990 1590 1686
286 619 864 991 1591 1687
287 620 865 992 1592 1688
192 621 866 993 1593 1689
193 622 867 994 1594 1690
194 623 868 995 1595 1691
195 624 869 996 1596 1692
196 625 870 997 1597 1693
197 626 871 998 1598 1694
198 627 872 999 1599 1695
199 628 873 1000 1600 1696
200 629 874 1001 1601 1697
201 630 875 1002 1602 1698
202 631 876 1003 1603 1699
203 632 877 1004 1604 1700
204 633 878 1005 1605 1701
205 634 879 1006 1606 1702
206 635 880 1007 1607 1703
207 636 881 1008 1608 1704
208 637 882 1009 1609 1705
209 638 883 1010 1610 1706
210 639 884 1011 1611 1707
211 640 885 1012 1612 1708
212 641 886 1013 1613 1709
213 642 887 1014 1614 1710
214 643 888 1015 1615 1711
215 644 889 1016 1616 1712
216 645 890 1017 1617 1713
217 646 891 1018 1618 1714
218 647 892 1019 1619 1715
219 648 893 1020 1620 1716
220 649 894 1021 1621 1717
221 650 895 1022 1622 1718
222 651 896 1023 1623 1719
223 652 897 1024 1624 1720
224 653 898 1025 1625 1721
225 654 899 1026 1626 1722
226 655 900 1027 1627 1723
227 656 901 1028 1628 1724
228 657 902 1029 1629 1725
229 658 903 1030 1630 1726
230 659 904 1031 1631 1727
430 520 754 1135 1152 1632 1728
431 521 755 1136 1153 1633 1729
432 522 756 1137 1154 1634 1730
433 523 757 1138 1155 1635 1731
434 524 758 1139 1156 1636 1732
435 525 759 1140 1157 1637 1733
436 526 760 1141 1158 1638 1734
437 527 761 1142 1159 1639 1735
438 528 762 1143 1160 1640 1736
439 529 763 1144 1161 1641 1737
440 530 764 1145 1162 1642 1738
441 531 765 1146 1163 1643 1739
442 532 766 1147 1164 1644 1740
443 533 767 1148 1165 1645 1741
444 534 672 1149 1166 1646 1742
445 535 673 1150 1167 1647 1743
446 536 674 1151 1168 1648 1744
447 537 675 1056 1169 1649 1745
448 538 676 1057 1170 1650 1746
449 539 677 1058 1171 1651 1747
450 540 678 1059 1172 1652 1748
451 541 679 1060 1173 1653 1749
452 542 680 1061 1174 1654 1750
453 543 681 1062 1175 1655 1751
454 544 682 1063 1176 1656 1752
455 545 683 1064 1177 1657 1753
456 546 684 1065 1178 1658 1754
457 547 685 1066 1179 1659 1755
458 548 686 1067 1180 1660 1756
459 549 687 1068 1181 1661 1757
460 550 688 1069 1182 1662 1758
461 551 689 1070 1183 1663 1759
462 552 690 1071 1184 1664 1760
463 553 691 1072 1185 1665 1761
464 554 692 1073 1186 1666 1762
465 555 693 1074 1187 1667 1763
466 556 694 1075 1188 1668 1764
467 557 695 1076 1189 1669 1765
468 558 696 1077 1190 1670 1766
469 559 697 1078 1191 1671 1767
470 560 698 1079 1192 1672 1768
471 561 699 1080 1193 1673 1769
472 562 700 1081 1194 1674 1770
473 563 701 1082 1195 1675 1771
474 564 702 1083 1196 1676 1772
475 565 703 1084 1197 1677 1773
476 566 704 1085 1198 1678 1774
477 567 705 1086 1199 1679 1775
478 568 706 1087 1200 1680 1776
479 569 707 1088 1201 1681 1777
384 570 708 1089 1202 1682 1778
385 571 709 1090 1203 1683 1779
386 572 710 1091 1204 1684 1780
387 573 711 1092 1205 1685 1781
388 574 712 1093 1206 1686 1782
389 575 713 1094 1207 1687 1783
390 480 714 1095 1208 1688 1784
391 481 715 1096 1209 1689 1785
392 482 716 1097 1210 1690 1786
393 483 717 1098 1211 1691 1787
394 484 718 1099 1212 1692 1788
395 485 719 1100 1213 1693 1789
396 486 720 1101 1214 1694 1790
397 487 721 1102 1215 1695 1791
398 488 722 1103 1216 1696 1792
399 489 723 1104 1217 1697 1793
400 490 724 1105 1218 1698 1794
401 491 725 1106 1219 1699 1795
402 492 726 1107 1220 1700 1796
403 493 727 1108 1221 1701 1797
404 494 728 1109 1222 1702 1798
405 495 729 1110 1223 1703 1799
406 496 730 1111 1224 1704 1800
407 497 731 1112 1225 1705 1801
408 498 732 1113 1226 1706 1802
409 499 733 1114 1227 1707 1803
410 500 734 1115 1228 1708 1804
411 501 735 1116 1229 1709 1805
412 502 736 1117 1230 1710 1806
413 503 737 1118 1231 1711 1807
414 504 738 1119 1232 1712 1808
415 505 739 1120 1233 1713 1809
416 506 740 1121 1234 1714 1810
417 507 741 1122 1235 1715 1811
418 508 742 1123 1236 1716 1812
419 509 743 1124 1237 1717 1813
420 510 744 1125 1238 1718 1814
421 511 745 1126 1239 1719 1815
422 512 746 1127 1240 1720 1816
423 513 747 1128 1241 1721 1817
424 514 748 1129 1242 1722 1818
425 515 749 1130 1243 1723 1819
426 516 750 1131 1244 1724 1820
427 517 751 1132 1245 1725 1821
428 518 752 1133 1246 1726 1822
429 519 753 1134 1247 1727 1823
287 341 878 978 1728 1824
192 342 879 979 1729 1825
193 343 880 980 1730 1826
194 344 881 981 1731 1827
195 345 882 982 1732 1828
196 346 883 983 1733 1829
197 347 884 984 1734 1830
198 348 885 985 1735 1831
199 349 886 986 1736 1832
200 350 887 987 1737 1833
201 351 888 988 1738 1834
202 352 889 989 1739 1835
203 353 890 990 1740 1836
204 354 891 991 1741 1837
205 355 892 992 1742 1838
206 356 893 993 1743 1839
207 357 894 994 1744 1840
208 358 895 995 1745 1841
209 359 896 996 1746 1842
210 360 897 997 1747 1843
211 361 898 998 1748 1844
212 362 899 999 1749 1845
213 363 900 1000 1750 1846
214 364 901 1001 1751 1847
215 365 902 1002 1752 1848
216 366 903 1003 1753 1849
217 367 904 1004 1754 1850
218 368 905 1005 1755 1851
219 369 906 1006 1756 1852
220 370 907 1007 1757 1853
221 371 908 1008 1758 1854
222 372 909 1009 1759 1855
223 373 910 1010 1760 1856
224 374 911 1011 1761 1857
225 375 912 1012 1762 1858
226 376 913 1013 1763 1859
227 377 914 1014 1764 1860
228 378 915 1015 1765 1861
229 379 916 1016 1766 1862
230 380 917 1017 1767 1863
231 381 918 1018 1768 1864
232 382 919 1019 1769 1865
233 383 920 1020 1770 1866
234 288 921 1021 1771 1867
235 289 922 1022 1772 1868
236 290 923 1023 1773 1869
237 291 924 1024 1774 1870
238 292 925 1025 1775 1871
239 293 926 1026 1776 1872
240 294 927 1027 1777 1873
241 295 928 1028 1778 1874
242 296 929 1029 1779 1875
243 297 930 1030 1780 1876
244 298 931 1031 1781 1877
245 299 932 1032 1782 1878
246 300 933 1033 1783 1879
247 301 934 1034 1784 1880
248 302 935 1035 1785 1881
249 303 936 1036 1786 1882
250 304 937 1037 1787 1883
251 305 938 1038 1788 1884
252 306 939 1039 1789 1885
253 307 940 1040 1790 1886
254 308 941 1041 1791 1887
255 309 942 1042 1792 1888
256 310 943 1043 1793 1889
257 311 944 1044 1794 1890
258 312 945 1045 1795 1891
259 313 946 1046 1796 1892
260 314 947 1047 1797 1893
261 315 948 1048 1798 1894
262 316 949 1049 1799 1895
263 317 950 1050 1800 1896
264 318 951 1051 1801 1897
265 319 952 1052 1802 1898
266 320 953 1053 1803 1899
267 321 954 1054 1804 1900
268 322 955 1055 1805 1901
269 323 956 960 1806 1902
270 324 957 961 1807 1903
271 325 958 962 1808 1904
272 326 959 963 1809 1905
273 327 864 964 1810 1906
274 328 865 965 1811 1907
275 329 866 966 1812 1908
276 330 867 967 1813 1909
277 331 868 968 1814 1910
278 332 869 969 1815 1911
279 333 870 970 1816 1912
280 334 871 971 1817 1913
281 335 872 972 1818 1914
282 336 873 973 1819 1915
283 337 874 974 1820 1916
284 338 875 975 1821 1917
285 339 876 976 1822 1918
286 340 877 977 1823 1919
107 265 578 911 1824 1920
108 266 579 912 1825 1921
109 267 580 913 1826 1922
110 268 581 914 1827 1923
111 269 582 915 1828 1924
112 270 583 916 1829 1925
113 271 584 917 1830 1926
114 272 585 918 1831 1927
115 273 586 919 1832 1928
116 274 587 920 1833 1929
117 275 588 921 1834 1930
118 276 589 922 1835 1931
119 277 590 923 1836 1932
120 278 591 924 1837 1933
121 279 592 925 1838 1934
122 280 593 926 1839 1935
123 281 594 927 1840 1936
124 282 595 928 1841 1937
125 283 596 929 1842 1938
126 284 597 930 1843 1939
127 285 598 931 1844 1940
128 286 599 932 1845 1941
129 287 600 933 1846 1942
130 192 601 934 1847 1943
131 193 602 935 1848 1944
132 194 603 936 1849 1945
133 195 604 937 1850 1946
134 196 605 938 1851 1947
135 197 606 939 1852 1948
136 198 607 940 1853 1949
137 199 608 941 1854 1950
138 200 609 942 1855 1951
139 201 610 943 1856 1952
140 202 611 944 1857 1953
141 203 612 945 1858 1954
142 204 613 946 1859 1955
143 205 614 947 1860 1956
144 206 615 948 1861 1957
145 207 616 949 1862 1958
146 208 617 950 1863 1959
147 209 618 951 1864 1960
148 210 619 952 1865 1961
149 211 620 953 1866 1962
150 212 621 954 1867 1963
151 213 622 955 1868 1964
152 214 623 956 1869 1965
153 215 624 957 1870 1966
154 216 625 958 1871 1967
155 217 626 959 1872 1968
156 218 627 864 1873 1969
157 219 628 865 1874 1970
158 220 629 866 1875 1971
159 221 630 867 1876 1972
160 222 631 868 1877 1973
161 223 632 869 1878 1974
162 224 633 870 1879 1975
163 225 634 871 1880 1976
164 226 635 872 1881 1977
165 227 636 873 1882 1978
166 228 637 874 1883 1979
167 229 638 875 1884 1980
168 230 639 876 1885 1981
169 231 640 877 1886 1982
170 232 641 878 1887 1983
171 233 642 879 1888 1984
172 234 643 880 1889 1985
173 235 644 881 1890 1986
174 236 645 882 1891 1987
175 237 646 883 1892 1988
176 238 647 884 1893 1989
177 239 648 885 1894 1990
178 240 649 886 1895 1991
179 241 650 887 1896 1992
180 242 651 888 1897 1993
181 243 652 889 1898 1994
182 244 653 890 1899 1995
183 245 654 891 1900 1996
184 246 655 892 1901 1997
185 247 656 893 1902 1998
186 248 657 894 1903 1999
187 249 658 895 1904 2000
188 250 659 896 1905 2001
189 251 660 897 1906 2002
190 252 661 898 1907 2003
191 253 662 899 1908 2004
96 254 663 900 1909 2005
97 255 664 901 1910 2006
98 256 665 902 1911 2007
99 257 666 903 1912 2008
100 258 667 904 1913 2009
101 259 668 905 1914 2010
102 260 669 906 1915 2011
103 261 670 907 1916 2012
104 262 671 908 1917 2013
105 263 576 909 1918 2014
106 264 577 910 1919 2015
12 467 504 715 1107 1920 2016
13 468 505 716 1108 1921 2017
14 469 506 717 1109 1922 2018
15 470 507 718 1110 1923 2019
16 471 508 719 1111 1924 2020
17 472 509 720 1112 1925 2021
18 473 510 721 1113 1926 2022
19 474 511 722 1114 1927 2023
20 475 512 723 1115 1928 2024
21 476 513 724 1116 1929 2025
22 477 514 725 1117 1930 2026
23 478 515 726 1118 1931 2027
24 479 516 727 1119 1932 2028
25 384 517 728 1120 1933 2029
26 385 518 729 1121 1934 2030
27 386 519 730 1122 1935 2031
28 387 520 731 1123 1936 2032
29 388 521 732 1124 1937 2033
30 389 522 733 1125 1938 2034
31 390 523 734 1126 1939 2035
32 391 524 735 1127 1940 2036
33 392 525 736 1128 1941 2037
34 393 526 737 1129 1942 2038
35 394 527 738 1130 1943 2039
36 395 528 739 1131 1944 2040
37 396 529 740 1132 1945 2041
38 397 530 741 1133 1946 2042
39 398 531 742 1134 1947 2043
40 399 532 743 1135 1948 2044
41 400 533 744 1136 1949 2045
42 401 534 745 1137 1950 2046
43 402 535 746 1138 1951 2047
44 403 536 747 1139 1952 2048
45 404 537 748 1140 1953 2049
46 405 538 749 1141 1954 2050
47 406 539 750 1142 1955 2051
48 407 540 751 1143 1956 2052
49 408 541 752 1144 1957 2053
50 409 542 753 1145 1958 2054
51 410 543 754 1146 1959 2055
52 411 544 755 1147 1960 2056
53 412 545 756 1148 1961 2057
54 413 546 757 1149 1962 2058
55 414 547 758 1150 1963 2059
56 415 548 759 1151 1964 2060
57 416 549 760 1056 1965 2061
58 417 550 761 1057 1966 2062
59 418 551 762 1058 1967 2063
60 419 552 763 1059 1968 2064
61 420 553 764 1060 1969 2065
62 421 554 765 1061 1970 2066
63 422 555 766 1062 1971 2067
64 423 556 767 1063 1972 2068
65 424 557 672 1064 1973 2069
66 425 558 673 1065 1974 2070
67 426 559 674 1066 1975 2071
68 427 560 675 1067 1976 2072
69 428 561 676 1068 1977 2073
70 429 562 677 1069 1978 2074
71 430 563 678 1070 1979 2075
72 431 564 679 1071 1980 2076
73 432 565 680 1072 1981 2077
74 433 566 681 1073 1982 2078
75 434 567 682 1074 1983 2079
76 435 568 683 1075 1984 2080
77 436 569 684 1076 1985 2081
78 437 570 685 1077 1986 2082
79 438 571 686 1078 1987 2083
80 439 572 687 1079 1988 2084
81 440 573 688 1080 1989 2085
82 441 574 689 1081 1990 2086
83 442 575 690 1082 1991 2087
84 443 480 691 1083 1992 2088
85 444 481 692 1084 1993 2089
86 445 482 693 1085 1994 2090
87 446 483 694 1086 1995 2091
88 447 484 695 1087 1996 2092
89 448 485 696 1088 1997 2093
90 449 486 697 1089 1998 2094
91 450 487 698 1090 1999 2095
92 451 488 699 1091 2000 2096
93 452 489 700 1092 2001 2097
94 453 490 701 1093 2002 2098
95 454 491 702 1094 2003 2099
0 455 492 703 1095 2004 2100
1 456 493 704 1096 2005 2101
2 457 494 705 1097 2006 2102
3 458 495 706 1098 2007 2103
4 459 496 707 1099 2008 2104
5 460 497 708 1100 2009 2105
6 461 498 709 1101 2010 2106
7 462 499 710 1102 2011 2107
8 463 500 711 1103 2012 2108
9 464 501 712 1104 2013 2109
10 465 502 713 1105 2014 2110
11 466 503 714 1106 2015 2111
574 731 1030 1128 2016 2112
575 732 1031 1129 2017 2113
480 733 1032 1130 2018 2114
481 734 1033 1131 2019 2115
482 735 1034 1132 2020 2116
483 736 1035 1133 2021 2117
484 737 1036 1134 2022 2118
485 738 1037 1135 2023 2119
486 739 1038 1136 2024 2120
487 740 1039 1137 2025 2121
488 741 1040 1138 2026 2122
489 742 1041 1139 2027 2123
490 743 1042 1140 2028 2124
491 744 1043 1141 2029 2125
492 745 1044 1142 2030 2126
493 746 1045 1143 2031 2127
494 747 1046 1144 2032 2128
495 748 1047 1145 2033 2129
496 749 1048 1146 2034 2130
497 750 1049 1147 2035 2131
498 751 1050 1148 2036 2132
499 752 1051 1149 2037 2133
500 753 1052 1150 2038 2134
501 754 1053 1151 2039 2135
502 755 1054 1056 2040 2136
503 756 1055 1057 2041 2137
504 757 960 1058 2042 2138
505 758 961 1059 2043 2139
506 759 962 1060 2044 2140
507 760 963 1061 2045 2141
508 761 964 1062 2046 2142
509 762 965 1063 2047 2143
510 763 966 1064 2048 2144
511 764 967 1065 2049 2145
512 765 968 1066 2050 2146
513 766 969 1067 2051 2147
514 767 970 1068 2052 2148
515 672 971 1069 2053 2149
516 673 972 1070 2054 2150
517 674 973 1071 2055 2151
518 675 974 1072 2056 2152
519 676 975 1073 2057 2153
520 677 976 1074 2058 2154
521 678 977 1075 2059 2155
522 679 978 1076 2060 2156
523 680 979 1077 2061 2157
524 681 980 1078 2062 2158
525 682 981 1079 2063 2159
526 683 982 1080 2064 2160
527 684 983 1081 2065 2161
528 685 984 1082 2066 2162
529 686 985 1083 2067 2163
530 687 986 1084 2068 2164
531 688 987 1085 2069 2165
532 689 988 1086 2070 2166
533 690 989 1087 2071 2167
534 691 990 1088 2072 2168
535 692 991 1089 2073 2169
536 693 992 1090 2074 2170
537 694 993 1091 2075 2171
538 695 994 1092 2076 2172
539 696 995 1093 2077 2173
540 697 996 1094 2078 2174
541 698 997 1095 2079 2175
542 699 998 1096 2080 2176
543 700 999 1097 2081 2177
544 701 1000 1098 2082 2178
545 702 1001 1099 2083 2179
546 703 1002 1100 2084 2180
547 704 1003 1101 2085 2181
548 705 1004 1102 2086 2182
549 706 1005 1103 2087 2183
550 707 1006 1104 2088 2184
551 708 1007 1105 2089 2185
552 709 1008 1106 2090 2186
553 710 1009 1107 2091 2187
554 711 1010 1108 2092 2188
555 712 1011 1109 2093 2189
556 713 1012 1110 2094 2190
557 714 1013 1111 2095 2191
558 715 1014 1112 2096 2192
559 716 1015 1113 2097 2193
560 717 1016 1114 2098 2194
561 718 1017 1115 2099 2195
562 719 1018 1116 2100 2196
563 720 1019 1117 2101 2197
564 721 1020 1118 2102 2198
565 722 1021 1119 2103 2199
566 723 1022 1120 2104 2200
567 724 1023 1121 2105 2201
568 725 1024 1122 2106 2202
569 726 1025 1123 2107 2203
570 727 1026 1124 2108 2204
571 728 1027 1125 2109 2205
572 729 1028 1126 2110 2206
573 730 1029 1127 2111 2207
199 353 807 913 2112 2208
200 354 808 914 2113 2209
201 355 809 915 2114 2210
202 356 810 916 2115 2211
203 357 811 917 2116 2212
204 358 812 918 2117 2213
205 359 813 919 2118 2214
206 360 814 920 2119 2215
207 361 815 921 2120 2216
208 362 816 922 2121 2217
209 363 817 923 2122 2218
210 364 818 924 2123 2219
211 365 819 925 2124 2220
212 366 820 926 2125 2221
213 367 821 927 2126 2222
214 368 822 928 2127 2223
215 369 823 929 2128 2224
216 370 824 930 2129 2225
217 371 825 931 2130 2226
218 372 826 932 2131 2227
219 373 827 933 2132 2228
220 374 828 934 2133 2229
221 375 829 935 2134 2230
222 376 830 936 2135 2231
223 377 831 937 2136 2232
224 378 832 938 2137 2233
225 379 833 939 2138 2234
226 380 834 940 2139 2235
227 381 835 941 2140 2236
228 382 836 942 2141 2237
229 383 837 943 2142 2238
230 288 838 944 2143 2239
231 289 839 945 2144 2240
232 290 840 946 2145 2241
233 291 841 947 2146 2242
234 292 842 948 2147 2243
235 293 843 949 2148 2244
236 294 844 950 2149 2245
237 295 845 951 2150 2246
238 296 846 952 2151 2247
239 297 847 953 2152 2248
240 298 848 954 2153 2249
241 299 849 955 2154 2250
242 300 850 956 2155 2251
243 301 851 957 2156 2252
244 302 852 958 2157 2253
245 303 853 959 2158 2254
246 304 854 864 2159 2255
247 305 855 865 2160 2256
248 306 856 866 2161 2257
249 307 857 867 2162 2258
250 308 858 868 2163 2259
251 309 859 869 2164 2260
252 310 860 870 2165 2261
253 311 861 871 2166 2262
254 312 862 872 2167 2263
255 313 863 873 2168 2264
256 314 768 874 2169 2265
257 315 769 875 2170 2266
258 316 770 876 2171 2267
259 317 771 877 2172 2268
260 318 772 878 2173 2269
261 319 773 879 2174 2270
262 320 774 880 2175 2271
263 321 775 881 2176 2272
264 322 776 882 2177 2273
265 323 777 883 2178 2274
266 324 778 884 2179 2275
267 325 779 885 2180 2276
268 326 780 886 2181 2277
269 327 781 887 2182 2278
270 328 782 888 2183 2279
271 329 783 889 2184 2280
272 330 784 890 2185 2281
273 331 785 891 2186 2282
274 332 786 892 2187 2283
275 333 787 893 2188 2284
276 334 788 894 2189 2285
277 335 789 895 2190 2286
278 336 790 896 2191 2287
279 337 791 897 2192 2288
280 338 792 898 2193 2289
281 339 793 899 2194 2290
282 340 794 900 2195 2291
283 341 795 901 2196 2292
284 342 796 902 2197 2293
285 343 797 903 2198 2294
286 344 798 904 2199 2295
287 345 799 905 2200 2296
192 346 800 906 2201 2297
193 347 801 907 2202 2298
194 348 802 908 2203 2299
195 349 803 909 2204 2300
196 350 804 910 2205 2301
197 351 805 911 2206 2302
198 352 806 912 2207 2303
43 546 713 1082 1159 2208
44 547 714 1083 1160 2209
45 548 715 1084 1161 2210
46 549 716 1085 1162 2211
47 550 717 1086 1163 2212
48 551 718 1087 1164 2213
49 552 719 1088 1165 2214
50 553 720 1089 1166 2215
51 554 721 1090 1167 2216
52 555 722 1091 1168 2217
53 556 723 1092 1169 2218
54 557 724 1093 1170 2219
55 558 725 1094 1171 2220
56 559 726 1095 1172 2221
57 560 727 1096 1173 2222
58 561 728 1097 1174 2223
59 562 729 1098 1175 2224
60 563 730 1099 1176 2225
61 564 731 1100 1177 2226
62 565 732 1101 1178 2227
63 566 733 1102 1179 2228
64 567 734 1103 1180 2229
65 568 735 1104 1181 2230
66 569 736 1105 1182 2231
67 570 737 1106 1183 2232
68 571 738 1107 1184 2233
69 572 739 1108 1185 2234
70 573 740 1109 1186 2235
71 574 741 1110 1187 2236
72 575 742 1111 1188 2237
73 480 743 1112 1189 2238
74 481 744 1113 1190 2239
75 482 745 1114 1191 2240
76 483 746 1115 1192 2241
77 484 747 1116 1193 2242
78 485 748 1117 1194 2243
79 486 749 1118 1195 2244
80 487 750 1119 1196 2245
81 488 751 1120 1197 2246
82 489 752 1121 1198 2247
83 490 753 1122 1199 2248
84 491 754 1123 1200 2249
85 492 755 1124 1201 2250
86 493 756 1125 1202 2251
87 494 757 1126 1203 2252
88 495 758 1127 1204 2253
89 496 759 1128 1205 2254
90 497 760 1129 1206 2255
91 498 761 1130 1207 2256
92 499 762 1131 1208 2257
93 500 763 1132 1209 2258
94 501 764 1133 1210 2259
95 502 765 1134 1211 2260
0 503 766 1135 1212 2261
1 504 767 1136 1213 2262
2 505 672 1137 1214 2263
3 506 673 1138 1215 2264
4 507 674 1139 1216 2265
5 508 675 1140 1217 2266
6 509 676 1141 1218 2267
7 510 677 1142 1219 2268
8 511 678 1143 1220 2269
9 512 679 1144 1221 2270
10 513 680 1145 1222 2271
11 514 681 1146 1223 2272
12 515 682 1147 1224 2273
13 516 683 1148 1225 2274
14 517 684 1149 1226 2275
15 518 685 1150 1227 2276
16 519 686 1151 1228 2277
17 520 687 1056 1229 2278
18 521 688 1057 1230 2279
19 522 689 1058 1231 2280
20 523 690 1059 1232 2281
21 524 691 1060 1233 2282
22 525 692 1061 1234 2283
23 526 693 1062 1235 2284
24 527 694 1063 1236 2285
25 528 695 1064 1237 2286
26 529 696 1065 1238 2287
27 530 697 1066 1239 2288
28 531 698 1067 1240 2289
29 532 699 1068 1241 2290
30 533 700 1069 1242 2291
31 534 701 1070 1243 2292
32 535 702 1071 1244 2293
33 536 703 1072 1245 2294
34 537 704 1073 1246 2295
35 538 705 1074 1247 2296
36 539 706 1075 1152 2297
37 540 707 1076 1153 2298
38 541 708 1077 1154 2299
39 542 709 1078 1155 2300
40 543 710 1079 1156 2301
41 544 711 1080 1157 2302
42 545 712 1081 1158 2303
